(0), 1, 4, 5, 6, 7, 10, 11, 12, 15, 16, 19, (22)

    (0), 1, 4, 6, 7, 10, 11, 12, 15, 16, 19, (22)     remove 5

        (0), 1, 4, 7, 10, 11, 12, 15, 16, 19, (22)    remove 5, 6

            (0), 1, 4, 7, 10, 12, 15, 16, 19, (22)    remove 5, 6, 11

        (0), 1, 4, 6, 7, 10, 12, 15, 16, 19, (22)     remove 5, 11

    (0), 1, 4, 5, 7, 10, 11, 12, 15, 16, 19, (22)     remove 6

        (0), 1, 4, 5, 7, 10, 12, 15, 16, 19, (22)     remove 6, 11

    (0), 1, 4, 5, 6, 7, 10, 12, 15, 16, 19, (22)      remove 11






